216 0
1219 580 21 21

Coordinates
1       1.4214       3.0084            0
2       1.4214       2.5259            0
3      0.93896       3.0084            0
4       1.4214       3.0084     -0.57284
5      0.93896       2.5259            0
6       1.4214       2.5259     -0.57284
7      0.93896       3.0084     -0.57284
8       1.4214       2.0435            0
9      0.45652       3.0084            0
10      0.87364       2.5672     -0.77951
11      0.87364       2.0848     -0.20667
12       0.3912       2.5672     -0.20667
13       1.4214       3.0084      -1.1457
14       1.1371       1.9175     -0.44533
15       1.1371       2.3999      -1.0182
16      0.45913       3.0084     -0.81152
17       1.4214       2.0409     -0.81152
18      0.38677       2.5886     -0.69471
19      0.45652       2.0435            0
20      0.86921       2.5886      -1.2675
21       1.4214        1.561            0
22     -0.02592       3.0084            0
23      0.94157       3.0084      -1.3844
24      0.32587       2.1261     -0.41334
25       1.4214       2.5233      -1.3844
26      0.58929       1.9588       -0.652
27     -0.02592       2.5259            0
28      0.93896        1.561            0
29       1.4214        1.561     -0.57284
30     -0.02592       3.0084     -0.57284
31      0.85271       1.7915     -0.89065
32      0.32144       2.1475     -0.90138
33       1.1371       1.9149      -1.2568
34       1.4214       3.0084      -1.7185
35      0.58486       1.9801        -1.14
36       0.3912       1.6024     -0.20667
37    -0.091246       2.5672     -0.77951
38      0.94157       2.5233       -1.623
39    -0.091246       2.0848     -0.20667
40      0.65461        1.435     -0.44533
41      0.86921       2.1035      -1.5062
42      0.38677       1.6237     -0.69471
43      0.38938       2.5886      -1.5062
44      0.46174       3.0084       -1.623
45       1.4214       2.0383       -1.623
46       1.1371        1.435      -1.0182
47    -0.095677       2.1061     -0.69471
48       1.4214       1.0786            0
49     -0.50836       3.0084            0
50      0.31701       2.1688      -1.3894
51      0.93896       1.0786            0
52     -0.50836       2.5259            0
53    -0.023309       3.0084      -1.3844
54       1.4214       1.5584      -1.3844
55       1.4214       1.0786     -0.57284
56     -0.50836       3.0084     -0.57284
57      0.94157       3.0084      -1.9572
58       1.4214       2.5233      -1.9572
59    -0.095677       2.5886      -1.2675
60     -0.02592        1.561            0
61      0.93896       1.0786     -0.57284
62     -0.50836       2.5259     -0.57284
63        0.652        1.435      -1.2568
64      0.45652       1.0786            0
65     -0.50836       2.0435            0
66    -0.091246       1.6024     -0.77951
67    -0.023309       2.5285       -1.623
68      0.93635       1.5584       -1.623
69      0.51287        2.359      -1.9413
70       1.4214       1.0786      -1.1457
71     -0.50836       3.0084      -1.1457
72       0.9927        1.874      -1.9413
73       1.4214       3.0084      -2.2914
74      0.38415       1.6237      -1.5062
75     -0.50836       2.0461     -0.81152
76      0.45391       1.0786     -0.81152
77    -0.095677       2.1087      -1.5062
78       0.4405       1.9392      -1.8245
79       0.9927        2.359      -2.2754
80     -0.50836        1.561            0
81     -0.02592       1.0786            0
82    -0.095677       1.6237      -1.2675
83     -0.50836       2.5285      -1.3844
84      0.93635       1.0786      -1.3844
85    -0.023309       3.0084      -1.9572
86       0.4748       3.0084      -2.2436
87       1.4214       1.5584      -1.9572
88       1.4214       2.0252      -2.2436
89     -0.50836        1.561     -0.57284
90     -0.02592       1.0786     -0.57284
91       1.4214       1.0786      -1.7185
92     -0.50836       3.0084      -1.7185
93    -0.028531       1.5636       -1.623
94      0.95463       3.0084      -2.5778
95       1.4214       2.5103      -2.5778
96     0.027819       1.8792      -1.9413
97      0.50765       1.3941      -1.9413
98     -0.50836       2.0487       -1.623
99       0.4513       1.0786       -1.623
100     -0.50836       1.0786            0
101        0.564       1.7097      -2.2595
102     0.027819        2.359      -2.2754
103     -0.50836       1.5636      -1.3844
104    -0.028531       1.0786      -1.3844
105     -0.50836       1.0786     -0.57284
106     -0.50836       2.5285      -1.9572
107      0.52593        2.359      -2.5619
108      0.93635       1.0786      -1.9572
109       0.9927       1.3941      -2.2754
110       0.9927       1.8609      -2.5619
111       1.4214       3.0084      -2.8642
112      0.95463       2.5103      -2.8642
113    -0.010254       3.0084      -2.5778
114     -0.50836       1.0786      -1.1457
115       1.4214       1.5454      -2.5778
116       1.4214       1.0786      -2.2914
117     -0.50836       3.0084      -2.2914
118      0.48785       3.0084      -2.8642
119       1.4214       2.0121      -2.8642
120     -0.50836       1.5636      -1.9572
121     -0.50836       2.0618      -2.2436
122    -0.028531       1.0786      -1.9572
123      0.43825       1.0786      -2.2436
124     0.027819       1.3941      -2.2754
125     0.027819       1.8922      -2.5619
126       0.4946       1.3941      -2.5619
127      0.95463       3.0084      -3.1506
128       1.4214       2.5103      -3.1506
129     -0.50836       1.0786      -1.7185
130    -0.010254       2.5416      -2.8642
131     -0.50836       2.5416      -2.5778
132       0.9233       1.5454      -2.8642
133       0.9233       1.0786      -2.5778
134      0.43443       1.9108      -2.9913
135       1.4214       3.0084       -3.437
136       1.4214       1.0786      -2.8642
137     -0.50836       3.0084      -2.8642
138    -0.010254       3.0084      -3.1506
139      0.86314       2.0621      -3.2937
140       1.4214       1.5454      -3.1506
141      0.39636       2.5602      -3.2937
142    -0.041586       1.5767      -2.8642
143     -0.50836       1.5767      -2.5778
144    -0.041586       1.0786      -2.5778
145     -0.50836       1.0786      -2.2914
146       1.4214       2.0435       -3.437
147      0.45652       3.0084       -3.437
148     -0.50836       2.0748      -2.8642
149      0.42519       1.0786      -2.8642
150      0.86314       2.5602      -3.5801
151     -0.50836       2.5416      -3.1506
152       0.9233       1.0786      -3.1506
153      0.36503       1.5953      -3.2937
154     -0.10175       2.0934      -3.2937
155       1.4214       2.5416      -3.7235
156       0.9233       3.0084      -3.7235
157      0.86314       1.5953      -3.5801
158     -0.10175       2.5602      -3.5801
159       1.4214       1.0786       -3.437
160     -0.50836       3.0084       -3.437
161     -0.50836       1.0786      -2.8642
162     -0.50836       1.5767      -3.1506
163    -0.041586       1.0786      -3.1506
164      0.30486        2.112      -3.7232
165       1.4214       1.5767      -3.7235
166    -0.041586       3.0084      -3.7235
167       1.4214       3.0084      -4.0099
168      0.86314       2.0934      -3.8665
169      0.36503       2.5602      -3.8665
170      0.45652       1.0786       -3.437
171     -0.50836       2.0435       -3.437
172       0.9233       2.5416      -4.0099
173       1.4214       2.0748      -4.0099
174      0.42519       3.0084      -4.0099
175     -0.10175       1.5953      -3.5801
176      0.95463       1.0786      -3.7235
177     -0.50836       2.5103      -3.7235
178      0.39636       1.5953      -3.8665
179     -0.10175       2.0621      -3.8665
180      0.95463       1.5767      -4.0099
181    -0.041586       2.5103      -4.0099
182       1.4214       2.5416      -4.2963
183       0.9233       3.0084      -4.2963
184     -0.50836       1.0786       -3.437
185      0.43443       1.9169      -4.1529
186    -0.010254       1.0786      -3.7235
187     -0.50836       1.5454      -3.7235
188       0.4946       2.3651      -4.2963
189     -0.50836       3.0084      -4.0099
190       1.4214       1.0786      -4.0099
191       0.9927       1.8983      -4.2963
192    -0.010254       1.5454      -4.0099
193       1.4214       1.5767      -4.2963
194    -0.041586       3.0084      -4.2963
195      0.48785       1.0786      -4.0099
196     -0.50836       2.0121      -4.0099
197       1.4214       3.0084      -4.5827
198       0.9927       2.3651      -4.5827
199     0.027819        1.867      -4.2963
200      0.52593       1.4002      -4.2963
201      0.45652       3.0084      -4.5827
202       1.4214       2.0435      -4.5827
203      0.95463       1.0786      -4.2963
204     -0.50836       2.5103      -4.2963
205     0.027819       2.3651      -4.5827
206        0.564       1.7219      -4.5827
207     -0.50836       1.0786      -4.0099
208       0.9927       1.4002      -4.5827
209      0.95463       3.0084      -4.8691
210       1.4214       2.5103      -4.8691
211    -0.010254       1.0786      -4.2963
212     -0.50836       1.5454      -4.2963
213     -0.50836       3.0084      -4.5827
214       1.4214       1.0786      -4.5827
215      0.52593       2.3651      -4.8691
216       0.9927        1.867      -4.8691
217     0.027819       1.4002      -4.5827
218     -0.50836       2.0435      -4.5827
219      0.45652       1.0786      -4.5827
220    -0.010254       3.0084      -4.8691
221       1.4214       1.5454      -4.8691
222       1.4214       3.0084      -5.1555
223     0.027819       1.8983      -4.8691
224      0.95463       2.5103      -5.1555
225       0.4946       1.4002      -4.8691
226      0.48785       3.0084      -5.1555
227       1.4214       2.0121      -5.1555
228     -0.50836       2.5416      -4.8691
229       0.9233       1.0786      -4.8691
230     -0.50836       1.0786      -4.5827
231    -0.010254       2.5416      -5.1555
232       0.9233       1.5454      -5.1555
233     -0.50836       1.5767      -4.8691
234    -0.041586       1.0786      -4.8691
235      0.95463       3.0084       -5.442
236       1.4214       2.5103       -5.442
237      0.58212       1.9249      -5.3029
238     -0.50836       3.0084      -5.1555
239       1.4214       1.0786      -5.1555
240    -0.041586       1.5767      -5.1555
241     -0.50836       2.0748      -5.1555
242      0.42519       1.0786      -5.1555
243    -0.010254       3.0084       -5.442
244       1.4214       1.5454       -5.442
245      0.54405       2.5681      -5.5893
246       1.0108         2.07      -5.5893
247       1.4214       3.0084      -5.7284
248     -0.50836       2.5416       -5.442
249       0.9233       1.0786       -5.442
250      0.45652       3.0084      -5.7284
251       1.4214       2.0435      -5.7284
252     0.045943       2.1013      -5.5893
253     -0.50836       1.0786      -5.1555
254      0.51272       1.6032      -5.5893
255       1.0108       2.5681      -5.8757
256     -0.50836       1.5767       -5.442
257    -0.041586       1.0786       -5.442
258       1.4214       2.5416      -6.0148
259       0.9233       3.0084      -6.0148
260     -0.50836       3.0084      -5.7284
261       1.4214       1.0786      -5.7284
262     0.045943       2.5681      -5.8757
263       1.0108       1.6032      -5.8757
264     -0.50836       2.0435      -5.7284
265      0.45652       1.0786      -5.7284
266      0.60025       2.1279       -6.023
267       1.4214       1.5767      -6.0148
268    -0.041586       3.0084      -6.0148
269     0.045943       1.6032      -5.8757
270       1.0108       2.1013      -6.1621
271      0.51272       2.5681      -6.1621
272       1.4214       3.0084      -6.3012
273      0.95463       1.0786      -6.0148
274     -0.50836       2.5103      -6.0148
275       0.9233       2.5416      -6.3012
276     -0.50836       1.0786      -5.7284
277       1.4214       2.0748      -6.3012
278      0.42519       3.0084      -6.3012
279      0.54405       1.6032      -6.1621
280     0.045943         2.07      -6.1621
281    -0.010254       1.0786      -6.0148
282      0.95463       1.5767      -6.3012
283     -0.50836       1.5454      -6.0148
284    -0.041586       2.5103      -6.3012
285     -0.50836       3.0084      -6.3012
286       1.4214       1.0786      -6.3012
287       1.4214       2.5416      -6.5876
288       0.9233       3.0084      -6.5876
289      0.47465       1.9249      -6.4485
290    -0.010254       1.5454      -6.3012
291      0.48785       1.0786      -6.3012
292     -0.50836       2.0121      -6.3012
293      0.38712       2.3651      -6.5876
294      0.88522       1.8983      -6.5876
295       1.4214       1.5767      -6.5876
296    -0.041586       3.0084      -6.5876
297    -0.079659        1.867      -6.5876
298      0.41845       1.4002      -6.5876
299     -0.50836       1.0786      -6.3012
300       1.4214       3.0084      -6.8741
301      0.95463       1.0786      -6.5876
302     -0.50836       2.5103      -6.5876
303      0.88522       2.3651      -6.8741
304      0.45652       3.0084      -6.8741
305       1.4214       2.0435      -6.8741
306    -0.010254       1.0786      -6.5876
307     -0.50836       1.5454      -6.5876
308    -0.079659       2.3651      -6.8741
309      0.34904       1.7219      -6.8741
310      0.88522       1.4002      -6.8741
311     -0.50836       3.0084      -6.8741
312       1.4214       1.0786      -6.8741
313      0.95463       3.0084      -7.1605
314       1.4214       2.5103      -7.1605
315     -0.50836       2.0435      -6.8741
316      0.45652       1.0786      -6.8741
317    -0.079659       1.4002      -6.8741
318      0.41845       2.3651      -7.1605
319      0.88522        1.867      -7.1605
320    -0.010254       3.0084      -7.1605
321       1.4214       1.5454      -7.1605
322     -0.50836       1.0786      -6.8741
323    -0.079659       1.8983      -7.1605
324      0.38712       1.4002      -7.1605
325     -0.50836       2.5416      -7.1605
326       0.9233       1.0786      -7.1605
327       1.4214       3.0084      -7.4469
328      0.95463       2.5103      -7.4469
329      0.48785       3.0084      -7.4469
330       1.4214       2.0121      -7.4469
331     -0.50836       1.5767      -7.1605
332    -0.041586       1.0786      -7.1605
333    -0.010254       2.5416      -7.4469
334       0.9233       1.5454      -7.4469
335     -0.50836       3.0084      -7.4469
336       1.4214       1.0786      -7.4469
337    -0.041586       1.5767      -7.4469
338      0.47861       1.8484        -7.59
339      0.95463       3.0084      -7.7333
340     -0.50836       2.0748      -7.4469
341       1.4214       2.5103      -7.7333
342      0.42519       1.0786      -7.4469
343    -0.010254       3.0084      -7.7333
344       1.4214       1.5454      -7.7333
345     -0.50836       1.0786      -7.4469
346      0.54802       2.4917      -7.8764
347       1.0148       1.9936      -7.8764
348     -0.50836       2.5416      -7.7333
349       0.9233       1.0786      -7.7333
350       1.4214       3.0084      -8.0197
351     0.049909       2.0249      -7.8764
352      0.51668       1.5268      -7.8764
353      0.45652       3.0084      -8.0197
354       1.4214       2.0435      -8.0197
355     -0.50836       1.5767      -7.7333
356    -0.041586       1.0786      -7.7333
357       1.0148       2.4917      -8.1628
358     -0.50836       3.0084      -8.0197
359       1.4214       1.0786      -8.0197
360     0.049909       2.4917      -8.1628
361     -0.50836       2.0435      -8.0197
362      0.45652       1.0786      -8.0197
363       1.0148       1.5268      -8.1628
364       1.4214       2.5416      -8.3062
365       0.9233       3.0084      -8.3062
366     0.049909       1.5268      -8.1628
367      0.60818        1.975      -8.3059
368       1.4214       1.5767      -8.3062
369    -0.041586       3.0084      -8.3062
370     -0.50836       1.0786      -8.0197
371      0.51668       2.4917      -8.4492
372       1.0148       2.0249      -8.4492
373      0.95463       1.0786      -8.3062
374     -0.50836       2.5103      -8.3062
375       1.4214       3.0084      -8.5926
376       0.9233       2.5416      -8.5926
377     0.049909       1.9936      -8.4492
378      0.54802       1.5268      -8.4492
379       1.4214       2.0748      -8.5926
380    -0.010254       1.0786      -8.3062
381      0.42519       3.0084      -8.5926
382     -0.50836       1.5454      -8.3062
383      0.95463       1.5767      -8.5926
384    -0.041586       2.5103      -8.5926
385     -0.50836       3.0084      -8.5926
386       1.4214       1.0786      -8.5926
387      0.47861       2.1701      -8.7356
388    -0.010254       1.5454      -8.5926
389      0.48785       1.0786      -8.5926
390     -0.50836       2.0121      -8.5926
391       1.4214       2.5416       -8.879
392       0.9233       3.0084       -8.879
393      0.88522         2.22       -8.879
394      0.38712       2.6867       -8.879
395       1.4214       1.5767       -8.879
396    -0.041586       3.0084       -8.879
397     -0.50836       1.0786      -8.5926
398      0.41845       1.7219       -8.879
399    -0.079659       2.1886       -8.879
400      0.95463       1.0786       -8.879
401     -0.50836       2.5103       -8.879
402       1.4214       3.0084      -9.1654
403      0.88522       2.6867      -9.1654
404    -0.010254       1.0786       -8.879
405     -0.50836       1.5454       -8.879
406      0.45652       3.0084      -9.1654
407       1.4214       2.0435      -9.1654
408      0.34904       2.3651      -9.1654
409      0.88522       1.7219      -9.1654
410    -0.079659       2.6867      -9.1654
411     -0.50836       3.0084      -9.1654
412       1.4214       1.0786      -9.1654
413    -0.079659       1.7219      -9.1654
414     -0.50836       2.0435      -9.1654
415      0.45652       1.0786      -9.1654
416      0.95463       3.0084      -9.4518
417       1.4214       2.5103      -9.4518
418      0.88522       2.1886      -9.4518
419      0.41845       2.6867      -9.4518
420    -0.010254       3.0084      -9.4518
421     -0.50836       1.0786      -9.1654
422       1.4214       1.5454      -9.4518
423      0.38712       1.7219      -9.4518
424    -0.079659         2.22      -9.4518
425     -0.50836       2.5416      -9.4518
426       0.9233       1.0786      -9.4518
427      0.47465       2.1621      -9.5909
428       1.4214       3.0084      -9.7383
429     -0.50836       1.5767      -9.4518
430    -0.041586       1.0786      -9.4518
431      0.95463       2.5103      -9.7383
432      0.48785       3.0084      -9.7383
433       1.4214       2.0121      -9.7383
434    -0.010254       2.5416      -9.7383
435       0.9233       1.5454      -9.7383
436     -0.50836       3.0084      -9.7383
437       1.4214       1.0786      -9.7383
438      0.54405       2.4837      -9.8773
439       1.0108       1.9856      -9.8773
440    -0.041586       1.5767      -9.7383
441     -0.50836       2.0748      -9.7383
442      0.42519       1.0786      -9.7383
443     0.045943       2.0169      -9.8773
444      0.51272       1.5188      -9.8773
445      0.95463       3.0084      -10.025
446       1.4214       2.5103      -10.025
447      0.60025       1.9591      -10.016
448     -0.50836       1.0786      -9.7383
449    -0.010254       3.0084      -10.025
450       1.4214       1.5454      -10.025
451       1.0108       2.4837      -10.164
452     -0.50836       2.5416      -10.025
453       0.9233       1.0786      -10.025
454     0.045943       2.4837      -10.164
455       1.0108       1.5188      -10.164
456     -0.50836       1.5767      -10.025
457       1.4214       3.0084      -10.311
458    -0.041586       1.0786      -10.025
459       1.4214       2.0435      -10.311
460      0.45652       3.0084      -10.311
461     0.045943       1.5188      -10.164
462     -0.50836       3.0084      -10.311
463       1.4214       1.0786      -10.311
464      0.51272       2.4837       -10.45
465       1.0108       2.0169       -10.45
466     -0.50836       2.0435      -10.311
467      0.45652       1.0786      -10.311
468     0.045943       1.9856       -10.45
469      0.54405       1.5188       -10.45
470       1.4214       2.5416      -10.598
471       0.9233       3.0084      -10.598
472     -0.50836       1.0786      -10.311
473       1.4214       1.5767      -10.598
474    -0.041586       3.0084      -10.598
475      0.95463       1.0786      -10.598
476     -0.50836       2.5103      -10.598
477      0.58212       2.1621      -10.737
478    -0.010254       1.0786      -10.598
479     -0.50836       1.5454      -10.598
480       1.4214       3.0084      -10.884
481       0.9233       2.5416      -10.884
482       1.4214       2.0748      -10.884
483      0.42519       3.0084      -10.884
484      0.95463       1.5767      -10.884
485    -0.041586       2.5103      -10.884
486     -0.50836       3.0084      -10.884
487       1.4214       1.0786      -10.884
488    -0.010254       1.5454      -10.884
489      0.48785       1.0786      -10.884
490     -0.50836       2.0121      -10.884
491       1.4214       2.5416       -11.17
492       0.9233       3.0084       -11.17
493       0.9927         2.22       -11.17
494       0.4946       2.6867       -11.17
495     -0.50836       1.0786      -10.884
496       1.4214       1.5767       -11.17
497    -0.041586       3.0084       -11.17
498      0.52593       1.7219       -11.17
499     0.027819       2.1886       -11.17
500      0.95463       1.0786       -11.17
501     -0.50836       2.5103       -11.17
502    -0.010254       1.0786       -11.17
503     -0.50836       1.5454       -11.17
504       1.4214       3.0084      -11.457
505       0.9927       2.6867      -11.457
506       1.4214       2.0435      -11.457
507      0.45652       3.0084      -11.457
508        0.564       2.3651      -11.457
509       0.9927       1.7219      -11.457
510     0.027819       2.6867      -11.457
511     0.027819       1.7219      -11.457
512     -0.50836       3.0084      -11.457
513       1.4214       1.0786      -11.457
514     -0.50836       2.0435      -11.457
515      0.45652       1.0786      -11.457
516      0.95463       3.0084      -11.743
517       1.4214       2.5103      -11.743
518     -0.50836       1.0786      -11.457
519       0.9927       2.1886      -11.743
520      0.52593       2.6867      -11.743
521    -0.010254       3.0084      -11.743
522       1.4214       1.5454      -11.743
523       0.4946       1.7219      -11.743
524     0.027819         2.22      -11.743
525     -0.50836       2.5416      -11.743
526       0.9233       1.0786      -11.743
527      0.43443       2.1701      -11.887
528     -0.50836       1.5767      -11.743
529    -0.041586       1.0786      -11.743
530       1.4214       3.0084       -12.03
531      0.95463       2.5103       -12.03
532      0.48785       3.0084       -12.03
533       1.4214       2.0121       -12.03
534    -0.010254       2.5416       -12.03
535       0.9233       1.5454       -12.03
536     -0.50836       3.0084       -12.03
537       1.4214       1.0786       -12.03
538    -0.041586       1.5767       -12.03
539     -0.50836       2.0748       -12.03
540      0.42519       1.0786       -12.03
541      0.39636       2.4917      -12.173
542      0.86314       1.9936      -12.173
543     -0.10175       2.0249      -12.173
544      0.36503       1.5268      -12.173
545      0.95463       3.0084      -12.316
546       1.4214       2.5103      -12.316
547     -0.50836       1.0786       -12.03
548    -0.010254       3.0084      -12.316
549       1.4214       1.5454      -12.316
550      0.30486        1.975      -12.316
551     -0.50836       2.5416      -12.316
552       0.9233       1.0786      -12.316
553      0.86314       2.4917      -12.459
554     -0.50836       1.5767      -12.316
555    -0.041586       1.0786      -12.316
556      0.86314       1.5268      -12.459
557     -0.10175       2.4917      -12.459
558       1.4214       3.0084      -12.602
559     -0.10175       1.5268      -12.459
560      0.45652       3.0084      -12.602
561       1.4214       2.0435      -12.602
562     -0.50836       3.0084      -12.602
563       1.4214       1.0786      -12.602
564     -0.50836       2.0435      -12.602
565      0.45652       1.0786      -12.602
566      0.86314       2.0249      -12.746
567      0.36503       2.4917      -12.746
568      0.39636       1.5268      -12.746
569     -0.10175       1.9936      -12.746
570     -0.50836       1.0786      -12.602
571       1.4214       2.5416      -12.889
572       0.9233       3.0084      -12.889
573       1.4214       1.5767      -12.889
574    -0.041586       3.0084      -12.889
575      0.95463       1.0786      -12.889
576     -0.50836       2.5103      -12.889
577    -0.010254       1.0786      -12.889
578     -0.50836       1.5454      -12.889
579       1.4214       3.0084      -13.175
580       0.9233       2.5416      -13.175
581       1.4214       2.0748      -13.175
582      0.42519       3.0084      -13.175
583      0.41493       1.9334      -13.175
584      0.95463       1.5767      -13.175
585    -0.041586       2.5103      -13.175
586     -0.50836       3.0084      -13.175
587       1.4214       1.0786      -13.175
588    -0.010254       1.5454      -13.175
589      0.48785       1.0786      -13.175
590     -0.50836       2.0121      -13.175
591     -0.50836       1.0786      -13.175
592       1.4214       2.5416      -13.462
593       0.9233       3.0084      -13.462
594       1.4214       1.5767      -13.462
595    -0.041586       3.0084      -13.462
596      0.95463       1.0786      -13.462
597     -0.50836       2.5103      -13.462
598       0.4751       2.4501      -13.605
599       0.9732       1.9833      -13.605
600    -0.010254       1.0786      -13.462
601     -0.50836       1.5454      -13.462
602    0.0083208        1.952      -13.605
603      0.50643       1.4852      -13.605
604       1.4214       3.0084      -13.748
605       1.4214       2.0435      -13.748
606      0.45652       3.0084      -13.748
607     -0.50836       3.0084      -13.748
608       1.4214       1.0786      -13.748
609       0.9732       2.4501      -13.891
610     -0.50836       2.0435      -13.748
611      0.45652       1.0786      -13.748
612    0.0083208       2.4501      -13.891
613       0.9732       1.4852      -13.891
614     -0.50836       1.0786      -13.748
615      0.95463       3.0084      -14.035
616       1.4214       2.5103      -14.035
617    0.0083208       1.4852      -13.891
618        0.525       1.8918      -14.034
619    -0.010254       3.0084      -14.035
620       1.4214       1.5454      -14.035
621     -0.50836       2.5416      -14.035
622       0.9233       1.0786      -14.035
623      0.50643       2.4501      -14.178
624       0.9732        1.952      -14.178
625     -0.50836       1.5767      -14.035
626    -0.041586       1.0786      -14.035
627    0.0083208       1.9833      -14.178
628       0.4751       1.4852      -14.178
629       1.4214       3.0084      -14.321
630      0.95463       2.5103      -14.321
631      0.48785       3.0084      -14.321
632       1.4214       2.0121      -14.321
633    -0.010254       2.5416      -14.321
634       0.9233       1.5454      -14.321
635     -0.50836       3.0084      -14.321
636       1.4214       1.0786      -14.321
637    -0.041586       1.5767      -14.321
638     -0.50836       2.0748      -14.321
639      0.42519       1.0786      -14.321
640      0.32995       2.0214      -14.464
641     -0.50836       1.0786      -14.321
642      0.95463       3.0084      -14.607
643       1.4214       2.5103      -14.607
644      0.77815       2.0816      -14.607
645      0.31137       2.5797      -14.607
646    -0.010254       3.0084      -14.607
647       1.4214       1.5454      -14.607
648      0.28004       1.6148      -14.607
649     -0.18673       2.1129      -14.607
650     -0.50836       2.5416      -14.607
651       0.9233       1.0786      -14.607
652     -0.50836       1.5767      -14.607
653    -0.041586       1.0786      -14.607
654       1.4214       3.0084      -14.894
655      0.77815       2.5797      -14.894
656       1.4214       2.0435      -14.894
657      0.45652       3.0084      -14.894
658      0.77815       1.6148      -14.894
659      0.13489        2.151      -14.894
660     -0.18673       2.5797      -14.894
661     -0.50836       3.0084      -14.894
662       1.4214       1.0786      -14.894
663     -0.18673       1.6148      -14.894
664     -0.50836       2.0435      -14.894
665      0.45652       1.0786      -14.894
666     -0.50836       1.0786      -14.894
667       1.4214       2.5416       -15.18
668       0.9233       3.0084       -15.18
669      0.77815       2.1129       -15.18
670      0.28004       2.5797       -15.18
671       1.4214       1.5767       -15.18
672    -0.041586       3.0084       -15.18
673      0.31137       1.6148       -15.18
674     -0.18673       2.0816       -15.18
675      0.95463       1.0786       -15.18
676     -0.50836       2.5103       -15.18
677    -0.010254       1.0786       -15.18
678     -0.50836       1.5454       -15.18
679      0.33791       2.0254      -15.319
680       1.4214       3.0084      -15.467
681       0.9233       2.5416      -15.467
682       1.4214       2.0748      -15.467
683      0.42519       3.0084      -15.467
684      0.95463       1.5767      -15.467
685    -0.041586       2.5103      -15.467
686     -0.50836       3.0084      -15.467
687       1.4214       1.0786      -15.467
688    -0.010254       1.5454      -15.467
689      0.48785       1.0786      -15.467
690     -0.50836       2.0121      -15.467
691      0.48305       2.4541      -15.606
692      0.98116       1.9873      -15.606
693     0.016277        1.956      -15.606
694     -0.50836       1.0786      -15.467
695      0.51438       1.4892      -15.606
696       1.4214       2.5416      -15.753
697       0.9233       3.0084      -15.753
698      0.54092       1.8998      -15.745
699       1.4214       1.5767      -15.753
700    -0.041586       3.0084      -15.753
701      0.95463       1.0786      -15.753
702     -0.50836       2.5103      -15.753
703      0.98116       2.4541      -15.892
704    -0.010254       1.0786      -15.753
705     -0.50836       1.5454      -15.753
706     0.016277       2.4541      -15.892
707      0.98116       1.4892      -15.892
708     0.016277       1.4892      -15.892
709       1.4214       3.0084      -16.039
710       1.4214       2.0435      -16.039
711      0.45652       3.0084      -16.039
712     -0.50836       3.0084      -16.039
713       1.4214       1.0786      -16.039
714     -0.50836       2.0435      -16.039
715      0.45652       1.0786      -16.039
716      0.51438       2.4541      -16.179
717      0.98116        1.956      -16.179
718     -0.50836       1.0786      -16.039
719     0.016277       1.9873      -16.179
720      0.48305       1.4892      -16.179
721      0.95463       3.0084      -16.326
722       1.4214       2.5103      -16.326
723    -0.010254       3.0084      -16.326
724       1.4214       1.5454      -16.326
725     -0.50836       2.5416      -16.326
726       0.9233       1.0786      -16.326
727     -0.50836       1.5767      -16.326
728    -0.041586       1.0786      -16.326
729       1.4214       3.0084      -16.612
730      0.95463       2.5103      -16.612
731      0.48785       3.0084      -16.612
732       1.4214       2.0121      -16.612
733      0.42289       2.0059      -16.608
734    -0.010254       2.5416      -16.612
735       0.9233       1.5454      -16.612
736     -0.50836       3.0084      -16.612
737       1.4214       1.0786      -16.612
738    -0.041586       1.5767      -16.612
739     -0.50836       2.0748      -16.612
740      0.42519       1.0786      -16.612
741     -0.50836       1.0786      -16.612
742      0.95463       3.0084      -16.899
743       1.4214       2.5103      -16.899
744    -0.010254       3.0084      -16.899
745       1.4214       1.5454      -16.899
746     -0.50836       2.5416      -16.899
747       0.9233       1.0786      -16.899
748     -0.50836       1.5767      -16.899
749    -0.041586       1.0786      -16.899
750      0.86314       2.0621      -17.042
751      0.39636       2.5602      -17.042
752      0.36503       1.5953      -17.042
753     -0.10175       2.0934      -17.042
754       1.4214       3.0084      -17.185
755       1.4214       2.0435      -17.185
756      0.45652       3.0084      -17.185
757     -0.50836       3.0084      -17.185
758       1.4214       1.0786      -17.185
759     -0.50836       2.0435      -17.185
760      0.45652       1.0786      -17.185
761      0.86314       2.5602      -17.328
762      0.86314       1.5953      -17.328
763     -0.50836       1.0786      -17.185
764     -0.10175       2.5602      -17.328
765     -0.10175       1.5953      -17.328
766       1.4214       2.5416      -17.472
767       0.9233       3.0084      -17.472
768      0.30486        2.112      -17.471
769       1.4214       1.5767      -17.472
770    -0.041586       3.0084      -17.472
771      0.95463       1.0786      -17.472
772     -0.50836       2.5103      -17.472
773    -0.010254       1.0786      -17.472
774     -0.50836       1.5454      -17.472
775      0.86314       2.0934      -17.615
776      0.36503       2.5602      -17.615
777      0.39636       1.5953      -17.615
778     -0.10175       2.0621      -17.615
779       1.4214       3.0084      -17.758
780       0.9233       2.5416      -17.758
781       1.4214       2.0748      -17.758
782      0.42519       3.0084      -17.758
783      0.95463       1.5767      -17.758
784    -0.041586       2.5103      -17.758
785     -0.50836       3.0084      -17.758
786       1.4214       1.0786      -17.758
787    -0.010254       1.5454      -17.758
788      0.48785       1.0786      -17.758
789     -0.50836       2.0121      -17.758
790      0.43443       1.9169      -17.901
791     -0.50836       1.0786      -17.758
792       1.4214       2.5416      -18.044
793       0.9233       3.0084      -18.044
794       0.4946       2.3651      -18.044
795       0.9927       1.8983      -18.044
796       1.4214       1.5767      -18.044
797    -0.041586       3.0084      -18.044
798     0.027819        1.867      -18.044
799      0.52593       1.4002      -18.044
800      0.95463       1.0786      -18.044
801     -0.50836       2.5103      -18.044
802    -0.010254       1.0786      -18.044
803     -0.50836       1.5454      -18.044
804       1.4214       3.0084      -18.331
805       0.9927       2.3651      -18.331
806       1.4214       2.0435      -18.331
807      0.45652       3.0084      -18.331
808     0.027819       2.3651      -18.331
809        0.564       1.7219      -18.331
810       0.9927       1.4002      -18.331
811     -0.50836       3.0084      -18.331
812       1.4214       1.0786      -18.331
813     0.027819       1.4002      -18.331
814     -0.50836       2.0435      -18.331
815      0.45652       1.0786      -18.331
816     -0.50836       1.0786      -18.331
817      0.95463       3.0084      -18.617
818       1.4214       2.5103      -18.617
819      0.52593       2.3651      -18.617
820       0.9927        1.867      -18.617
821    -0.010254       3.0084      -18.617
822       1.4214       1.5454      -18.617
823     0.027819       1.8983      -18.617
824       0.4946       1.4002      -18.617
825     -0.50836       2.5416      -18.617
826       0.9233       1.0786      -18.617
827     -0.50836       1.5767      -18.617
828    -0.041586       1.0786      -18.617
829       1.4214       3.0084      -18.904
830      0.95463       2.5103      -18.904
831      0.48785       3.0084      -18.904
832       1.4214       2.0121      -18.904
833    -0.010254       2.5416      -18.904
834       0.9233       1.5454      -18.904
835     -0.50836       3.0084      -18.904
836       1.4214       1.0786      -18.904
837    -0.041586       1.5767      -18.904
838     -0.50836       2.0748      -18.904
839      0.42519       1.0786      -18.904
840     -0.50836       1.0786      -18.904
841      0.58212       1.9249      -19.051
842      0.95463       3.0084       -19.19
843       1.4214       2.5103       -19.19
844    -0.010254       3.0084       -19.19
845       1.4214       1.5454       -19.19
846     -0.50836       2.5416       -19.19
847       0.9233       1.0786       -19.19
848     -0.50836       1.5767       -19.19
849    -0.041586       1.0786       -19.19
850      0.54405       2.5681      -19.337
851       1.0108         2.07      -19.337
852     0.045943       2.1013      -19.337
853      0.51272       1.6032      -19.337
854       1.4214       3.0084      -19.477
855       1.4214       2.0435      -19.477
856      0.45652       3.0084      -19.477
857     -0.50836       3.0084      -19.477
858       1.4214       1.0786      -19.477
859     -0.50836       2.0435      -19.477
860      0.45652       1.0786      -19.477
861       1.0108       2.5681      -19.624
862     -0.50836       1.0786      -19.477
863     0.045943       2.5681      -19.624
864       1.0108       1.6032      -19.624
865     0.045943       1.6032      -19.624
866       1.4214       2.5416      -19.763
867       0.9233       3.0084      -19.763
868      0.60025       2.1279      -19.771
869       1.4214       1.5767      -19.763
870    -0.041586       3.0084      -19.763
871      0.95463       1.0786      -19.763
872     -0.50836       2.5103      -19.763
873    -0.010254       1.0786      -19.763
874     -0.50836       1.5454      -19.763
875       1.0108       2.1013       -19.91
876      0.51272       2.5681       -19.91
877      0.54405       1.6032       -19.91
878     0.045943         2.07       -19.91
879       1.4214       3.0084      -20.049
880       0.9233       2.5416      -20.049
881       1.4214       2.0748      -20.049
882      0.42519       3.0084      -20.049
883      0.95463       1.5767      -20.049
884    -0.041586       2.5103      -20.049
885     -0.50836       3.0084      -20.049
886       1.4214       1.0786      -20.049
887    -0.010254       1.5454      -20.049
888      0.48785       1.0786      -20.049
889     -0.50836       2.0121      -20.049
890     -0.50836       1.0786      -20.049
891      0.47465       1.9249      -20.197
892       1.4214       2.5416      -20.336
893       0.9233       3.0084      -20.336
894      0.38712       2.3651      -20.336
895      0.88522       1.8983      -20.336
896       1.4214       1.5767      -20.336
897    -0.041586       3.0084      -20.336
898    -0.079659        1.867      -20.336
899      0.41845       1.4002      -20.336
900      0.95463       1.0786      -20.336
901     -0.50836       2.5103      -20.336
902    -0.010254       1.0786      -20.336
903     -0.50836       1.5454      -20.336
904       1.4214       3.0084      -20.622
905      0.88522       2.3651      -20.622
906      0.45652       3.0084      -20.622
907       1.4214       2.0435      -20.622
908    -0.079659       2.3651      -20.622
909      0.34904       1.7219      -20.622
910      0.88522       1.4002      -20.622
911     -0.50836       3.0084      -20.622
912       1.4214       1.0786      -20.622
913     -0.50836       2.0435      -20.622
914      0.45652       1.0786      -20.622
915    -0.079659       1.4002      -20.622
916     -0.50836       1.0786      -20.622
917      0.95463       3.0084      -20.909
918       1.4214       2.5103      -20.909
919      0.41845       2.3651      -20.909
920      0.88522        1.867      -20.909
921    -0.010254       3.0084      -20.909
922       1.4214       1.5454      -20.909
923    -0.079659       1.8983      -20.909
924      0.38712       1.4002      -20.909
925     -0.50836       2.5416      -20.909
926       0.9233       1.0786      -20.909
927     -0.50836       1.5767      -20.909
928    -0.041586       1.0786      -20.909
929      0.47861       1.9169      -21.052
930       1.4214       3.0084      -21.195
931      0.95463       2.5103      -21.195
932      0.48785       3.0084      -21.195
933       1.4214       2.0121      -21.195
934    -0.010254       2.5416      -21.195
935       0.9233       1.5454      -21.195
936     -0.50836       3.0084      -21.195
937       1.4214       1.0786      -21.195
938    -0.041586       1.5767      -21.195
939     -0.50836       2.0748      -21.195
940      0.42519       1.0786      -21.195
941      0.54802       2.5602      -21.338
942       1.0148       2.0621      -21.338
943     -0.50836       1.0786      -21.195
944     0.049909       2.0934      -21.338
945      0.51668       1.5953      -21.338
946      0.95463       3.0084      -21.481
947       1.4214       2.5103      -21.481
948      0.60818        2.112      -21.482
949    -0.010254       3.0084      -21.481
950       1.4214       1.5454      -21.481
951     -0.50836       2.5416      -21.481
952       0.9233       1.0786      -21.481
953     -0.50836       1.5767      -21.481
954    -0.041586       1.0786      -21.481
955       1.0148       2.5602      -21.625
956     0.049909       2.5602      -21.625
957       1.0148       1.5953      -21.625
958     0.049909       1.5953      -21.625
959       1.4214       3.0084      -21.768
960      0.45652       3.0084      -21.768
961       1.4214       2.0435      -21.768
962     -0.50836       3.0084      -21.768
963       1.4214       1.0786      -21.768
964     -0.50836       2.0435      -21.768
965      0.45652       1.0786      -21.768
966       1.0148       2.0934      -21.911
967      0.51668       2.5602      -21.911
968     -0.50836       1.0786      -21.768
969      0.54802       1.5953      -21.911
970     0.049909       2.0621      -21.911
971       1.4214       2.5416      -22.054
972       0.9233       3.0084      -22.054
973       1.4214       1.5767      -22.054
974    -0.041586       3.0084      -22.054
975      0.95463       1.0786      -22.054
976     -0.50836       2.5103      -22.054
977    -0.010254       1.0786      -22.054
978     -0.50836       1.5454      -22.054
979      0.37154        2.024      -22.198
980       1.4214       3.0084      -22.341
981       0.9233       2.5416      -22.341
982       1.4214       2.0748      -22.341
983      0.42519       3.0084      -22.341
984      0.95463       1.5767      -22.341
985    -0.041586       2.5103      -22.341
986     -0.50836       3.0084      -22.341
987       1.4214       1.0786      -22.341
988    -0.010254       1.5454      -22.341
989      0.48785       1.0786      -22.341
990     -0.50836       2.0121      -22.341
991     -0.50836       1.0786      -22.341
992       1.4214       2.5416      -22.627
993       0.9233       3.0084      -22.627
994      0.77815       2.0054      -22.627
995      0.28004       2.4722      -22.627
996       1.4214       1.5767      -22.627
997    -0.041586       3.0084      -22.627
998      0.31137       1.5073      -22.627
999     -0.18673       1.9741      -22.627
1000      0.95463       1.0786      -22.627
1001     -0.50836       2.5103      -22.627
1002    -0.010254       1.0786      -22.627
1003     -0.50836       1.5454      -22.627
1004       1.4214       3.0084      -22.914
1005      0.77815       2.4722      -22.914
1006       1.4214       2.0435      -22.914
1007      0.45652       3.0084      -22.914
1008      0.77815       1.5073      -22.914
1009      0.13489        1.936      -22.914
1010     -0.18673       2.4722      -22.914
1011     -0.50836       3.0084      -22.914
1012       1.4214       1.0786      -22.914
1013     -0.50836       2.0435      -22.914
1014      0.45652       1.0786      -22.914
1015     -0.18673       1.5073      -22.914
1016     -0.50836       1.0786      -22.914
1017      0.95463       3.0084        -23.2
1018       1.4214       2.5103        -23.2
1019      0.77815       1.9741        -23.2
1020      0.31137       2.4722        -23.2
1021    -0.010254       3.0084        -23.2
1022       1.4214       1.5454        -23.2
1023      0.28004       1.5073        -23.2
1024     -0.18673       2.0054        -23.2
1025     -0.50836       2.5416        -23.2
1026       0.9233       1.0786        -23.2
1027     -0.50836       1.5767        -23.2
1028    -0.041586       1.0786        -23.2
1029      0.33791       2.0616      -23.339
1030       1.4214       3.0084      -23.486
1031      0.95463       2.5103      -23.486
1032      0.48785       3.0084      -23.486
1033       1.4214       2.0121      -23.486
1034    -0.010254       2.5416      -23.486
1035       0.9233       1.5454      -23.486
1036     -0.50836       3.0084      -23.486
1037       1.4214       1.0786      -23.486
1038    -0.041586       1.5767      -23.486
1039     -0.50836       2.0748      -23.486
1040      0.42519       1.0786      -23.486
1041     -0.50836       1.0786      -23.486
1042      0.51438       2.5978      -23.625
1043      0.98116       2.0997      -23.625
1044     0.016277        2.131      -23.625
1045      0.48305       1.6329      -23.625
1046      0.95463       3.0084      -23.773
1047       1.4214       2.5103      -23.773
1048      0.54092       2.1872      -23.765
1049    -0.010254       3.0084      -23.773
1050       1.4214       1.5454      -23.773
1051     -0.50836       2.5416      -23.773
1052       0.9233       1.0786      -23.773
1053     -0.50836       1.5767      -23.773
1054    -0.041586       1.0786      -23.773
1055      0.98116       2.5978      -23.912
1056      0.98116       1.6329      -23.912
1057     0.016277       2.5978      -23.912
1058     0.016277       1.6329      -23.912
1059       1.4214       3.0084      -24.059
1060       1.4214       2.0435      -24.059
1061      0.45652       3.0084      -24.059
1062     -0.50836       3.0084      -24.059
1063       1.4214       1.0786      -24.059
1064     -0.50836       2.0435      -24.059
1065      0.45652       1.0786      -24.059
1066     -0.50836       1.0786      -24.059
1067      0.98116        2.131      -24.198
1068      0.48305       2.5978      -24.198
1069      0.51438       1.6329      -24.198
1070     0.016277       2.0997      -24.198
1071       1.4214       2.5416      -24.346
1072       0.9233       3.0084      -24.346
1073       1.4214       1.5767      -24.346
1074    -0.041586       3.0084      -24.346
1075      0.95463       1.0786      -24.346
1076     -0.50836       2.5103      -24.346
1077    -0.010254       1.0786      -24.346
1078     -0.50836       1.5454      -24.346
1079      0.44498       1.9484      -24.501
1080       1.4214       3.0084      -24.632
1081       0.9233       2.5416      -24.632
1082       1.4214       2.0748      -24.632
1083      0.42519       3.0084      -24.632
1084      0.95463       1.5767      -24.632
1085    -0.041586       2.5103      -24.632
1086     -0.50836       3.0084      -24.632
1087       1.4214       1.0786      -24.632
1088    -0.010254       1.5454      -24.632
1089      0.48785       1.0786      -24.632
1090     -0.50836       2.0121      -24.632
1091     -0.50836       1.0786      -24.632
1092       1.4214       2.5416      -24.918
1093       0.9233       3.0084      -24.918
1094       1.4214       1.5767      -24.918
1095    -0.041586       3.0084      -24.918
1096      0.38712        2.359      -24.934
1097      0.88522       1.8922      -24.934
1098      0.95463       1.0786      -24.918
1099     -0.50836       2.5103      -24.918
1100    -0.079659       1.8609      -24.934
1101      0.41845       1.3941      -24.934
1102    -0.010254       1.0786      -24.918
1103     -0.50836       1.5454      -24.918
1104       1.4214       3.0084      -25.205
1105      0.88522        2.359      -25.221
1106       1.4214       2.0618      -25.253
1107      0.43825       3.0084      -25.253
1108    -0.079659        2.359      -25.221
1109      0.88522       1.3941      -25.221
1110     -0.50836       3.0084      -25.205
1111       1.4214       1.0786      -25.205
1112      0.34904       1.7097      -25.237
1113    -0.079659       1.3941      -25.221
1114       0.4748       1.0786      -25.253
1115     -0.50836       2.0252      -25.253
1116     -0.50836       1.0786      -25.205
1117       1.4214       2.5285      -25.539
1118      0.93635       3.0084      -25.539
1119       1.4214       1.5636      -25.539
1120    -0.028531       3.0084      -25.539
1121      0.40017        2.359      -25.555
1122      0.88522       1.8792      -25.555
1123      0.94157       1.0786      -25.539
1124     -0.50836       2.5233      -25.539
1125    -0.079659        1.874      -25.555
1126      0.40539       1.3941      -25.555
1127    -0.023309       1.0786      -25.539
1128     -0.50836       1.5584      -25.539
1129      0.47254       1.9392      -25.672
1130       1.4214       3.0084      -25.778
1131     -0.50836       3.0084      -25.778
1132       1.4214       1.0786      -25.778
1133      0.93635       2.5285      -25.873
1134       1.4214       2.0487      -25.873
1135       0.4513       3.0084      -25.873
1136      0.94157       1.5636      -25.873
1137    -0.028531       2.5233      -25.873
1138     -0.50836       1.0786      -25.778
1139    -0.023309       1.5584      -25.873
1140      0.46174       1.0786      -25.873
1141     -0.50836       2.0383      -25.873
1142       1.0087       2.1087       -25.99
1143      0.52367       2.5886       -25.99
1144      0.52889       1.6237       -25.99
1145     0.043837       2.1035       -25.99
1146       1.4214       2.5285      -26.112
1147      0.93635       3.0084      -26.112
1148      0.59604       2.1688      -26.107
1149       1.4214       1.5636      -26.112
1150    -0.028531       3.0084      -26.112
1151      0.94157       1.0786      -26.112
1152     -0.50836       2.5233      -26.112
1153    -0.023309       1.0786      -26.112
1154     -0.50836       1.5584      -26.112
1155       1.0087       2.5886      -26.229
1156     0.043837       2.5886      -26.229
1157       1.0087       1.6237      -26.229
1158      0.26104        1.435      -26.239
1159     -0.22401       1.9149      -26.239
1160       1.4214       3.0084      -26.351
1161      0.32819       1.9801      -26.356
1162     -0.50836       3.0084      -26.351
1163       1.4214       1.0786      -26.351
1164     -0.50836       1.0786      -26.351
1165     -0.22401       2.3999      -26.478
1166     -0.22401        1.435      -26.478
1167      0.59161       2.1475      -26.595
1168     0.060338       1.7915      -26.606
1169       1.4214       2.0461      -26.685
1170      0.45391       3.0084      -26.685
1171       1.0043       2.5672      -26.717
1172     0.039406       2.5672      -26.717
1173       1.0043       1.6024      -26.717
1174      0.45913       1.0786      -26.685
1175     -0.50836       2.0409      -26.685
1176      0.52628       2.5886      -26.802
1177       1.0087       2.1061      -26.802
1178      0.52628       1.6237      -26.802
1179      0.32376       1.9588      -26.844
1180       1.4214       3.0084      -26.923
1181       1.4214       2.5259      -26.923
1182      0.93896       3.0084      -26.923
1183       1.4214        1.561      -26.923
1184     -0.02592       3.0084      -26.923
1185     -0.50836       3.0084      -26.923
1186       1.4214       1.0786      -26.923
1187     -0.50836       2.5259      -26.923
1188      0.93896       1.0786      -26.923
1189     -0.50836        1.561      -26.923
1190     -0.02592       1.0786      -26.923
1191     -0.50836       1.0786      -26.923
1192      0.58717       2.1261      -27.083
1193      0.25843        1.435      -27.051
1194     -0.22401       1.9175      -27.051
1195      0.52185       2.5672       -27.29
1196       1.0043       2.0848       -27.29
1197     0.039406       2.0848       -27.29
1198      0.52185       1.6024       -27.29
1199       1.4214       3.0084      -27.496
1200       1.4214       2.5259      -27.496
1201      0.93896       3.0084      -27.496
1202      0.93896       2.5259      -27.496
1203       1.4214       2.0435      -27.496
1204      0.45652       3.0084      -27.496
1205      0.45652       2.0435      -27.496
1206       1.4214        1.561      -27.496
1207     -0.02592       3.0084      -27.496
1208     -0.02592       2.5259      -27.496
1209      0.93896        1.561      -27.496
1210     -0.50836       3.0084      -27.496
1211       1.4214       1.0786      -27.496
1212     -0.50836       2.5259      -27.496
1213      0.93896       1.0786      -27.496
1214     -0.02592        1.561      -27.496
1215     -0.50836       2.0435      -27.496
1216      0.45652       1.0786      -27.496
1217     -0.50836        1.561      -27.496
1218     -0.02592       1.0786      -27.496
1219     -0.50836       1.0786      -27.496
EndCoordinates

Elements
1 1210 1215 1204 1162 1212 1208 1207 1185 1187 1184
2 49 9 65 71 22 27 52 56 30 62
3 48 64 8 70 51 28 21 55 61 29
4 1211 1203 1216 1163 1206 1209 1213 1186 1183 1188
5 1 8 9 13 2 5 3 4 6 7
6 1199 1204 1203 1160 1201 1202 1200 1180 1182 1181
7 100 65 64 114 80 60 81 105 89 90
8 1219 1216 1215 1164 1218 1214 1217 1191 1190 1189
9 862 916 889 888 890 903 874 873 902 887
10 666 614 639 638 641 626 653 652 625 637
11 260 311 278 292 285 296 268 274 302 284
12 370 421 390 389 397 405 382 380 404 388
13 963 912 933 940 937 922 950 952 926 935
14 854 904 881 882 879 892 866 867 893 880
15 654 604 631 632 629 615 642 643 616 630
16 962 911 939 932 936 925 951 949 921 934
17 350 402 379 381 375 391 364 365 392 376
18 261 312 291 277 286 301 273 267 295 282
19 359 412 389 379 386 400 373 368 395 383
20 276 322 292 291 299 307 283 281 306 290
21 959 904 932 933 930 917 946 947 918 931
22 662 608 632 639 636 620 647 651 622 634
23 858 912 888 881 886 900 871 869 896 883
24 661 607 638 631 635 621 650 646 619 633
25 358 411 381 390 385 396 369 374 401 384
26 247 300 277 278 272 287 258 259 288 275
27 857 911 882 889 885 897 870 872 901 884
28 968 916 940 939 943 928 954 953 927 938
29 472 518 490 489 495 503 479 478 502 488
30 558 504 532 533 530 516 545 546 517 531
31 1066 1016 1040 1039 1041 1028 1054 1053 1027 1038
32 763 816 789 788 791 803 774 773 802 787
33 135 197 173 174 167 182 155 156 183 172
34 457 504 482 483 480 491 470 471 492 481
35 184 230 196 195 207 212 187 186 211 192
36 1059 1004 1032 1033 1030 1017 1046 1047 1018 1031
37 754 804 781 782 779 792 766 767 793 780
38 570 518 540 539 547 529 555 554 528 538
39 758 812 788 781 786 800 771 769 796 783
40 160 213 174 196 189 194 166 177 204 181
41 562 512 539 532 536 525 551 548 521 534
42 463 513 489 482 487 500 475 473 496 484
43 1063 1012 1033 1040 1037 1022 1050 1052 1026 1035
44 757 811 782 789 785 797 770 772 801 784
45 563 513 533 540 537 522 549 552 526 535
46 1062 1011 1039 1032 1036 1025 1051 1049 1021 1034
47 462 512 483 490 486 497 474 476 501 485
48 159 214 195 173 190 203 176 165 193 180
49 757 712 739 731 736 725 746 744 723 734
50 563 608 589 581 587 596 575 573 594 584
51 1062 1110 1083 1090 1086 1095 1074 1076 1099 1085
52 159 116 119 149 136 115 140 152 133 132
53 462 411 441 432 436 425 452 449 420 434
54 160 117 148 118 137 131 151 138 113 130
55 758 713 732 740 737 724 745 747 726 735
56 562 607 582 590 586 595 574 576 597 585
57 463 412 433 442 437 422 450 453 426 435
58 1063 1111 1089 1082 1087 1098 1075 1073 1094 1084
59 135 73 118 119 111 94 127 128 95 112
60 472 421 442 441 448 430 458 456 429 440
61 1066 1116 1090 1089 1091 1103 1078 1077 1102 1088
62 558 604 581 582 579 592 571 572 593 580
63 763 718 740 739 741 728 749 748 727 738
64 457 402 432 433 428 416 445 446 417 431
65 1059 1104 1082 1083 1080 1092 1071 1072 1093 1081
66 570 614 590 589 591 601 578 577 600 588
67 184 145 149 148 161 144 163 162 143 142
68 754 709 731 732 729 721 742 743 722 730
69 358 311 340 329 335 325 348 343 320 333
70 276 230 242 241 253 234 257 256 233 240
71 661 712 683 690 686 700 672 676 702 685
72 959 1004 982 983 980 992 971 972 993 981
73 857 811 838 831 835 825 846 844 821 833
74 968 1016 990 989 991 1003 978 977 1002 988
75 359 312 330 342 336 321 344 349 326 334
76 247 197 226 227 222 209 235 236 210 224
77 858 812 832 839 836 822 845 847 826 834
78 662 713 689 682 687 701 675 671 699 684
79 962 1011 983 990 986 997 974 976 1001 985
80 862 816 839 838 840 828 849 848 827 837
81 666 718 690 689 694 705 678 677 704 688
82 261 214 227 242 239 221 244 249 229 232
83 370 322 342 340 345 332 356 355 331 337
84 260 213 241 226 238 228 248 243 220 231
85 854 804 831 832 829 817 842 843 818 830
86 654 709 682 683 680 696 667 668 697 681
87 963 1012 989 982 987 1000 975 973 996 984
88 350 300 329 330 327 313 339 341 314 328
89 1116 1164 1141 1140 1138 1154 1128 1127 1153 1139
90 1111 1163 1140 1134 1132 1151 1123 1119 1149 1136
91 1110 1162 1135 1141 1131 1150 1120 1124 1152 1137
92 1104 1160 1134 1135 1130 1146 1117 1118 1147 1133
93 117 71 98 44 92 83 106 85 53 67
94 145 114 99 98 129 104 122 120 103 93
95 116 70 45 99 91 54 87 108 84 68
96 73 13 44 45 34 23 57 58 25 38
97 661 683 631 659 672 657 646 660 670 645
98 661 683 659 690 672 670 660 676 685 674
99 659 661 690 638 660 676 674 649 650 664
100 690 659 638 666 674 649 664 678 663 652
101 659 661 638 631 660 650 649 645 646 633
102 690 659 666 689 674 663 678 688 673 677
103 659 638 666 639 649 652 663 648 637 653
104 683 631 659 654 657 645 670 668 642 655
105 683 659 690 698 670 674 685 691 679 693
106 659 690 698 689 674 693 679 673 688 695
107 698 659 689 682 679 673 695 692 669 684
108 689 698 682 713 695 692 684 701 707 699
109 683 659 698 682 670 679 691 681 669 692
110 689 698 713 740 695 707 701 715 720 726
111 689 698 740 718 695 720 715 704 708 728
112 638 659 631 618 649 645 633 627 640 623
113 638 659 618 639 649 640 627 637 648 628
114 659 618 639 632 640 628 648 644 624 634
115 618 639 632 608 628 634 624 613 622 620
116 659 631 618 632 645 623 640 644 630 624
117 618 639 608 589 628 622 613 603 611 596
118 618 639 589 614 628 611 603 617 626 600
119 632 618 608 581 624 613 620 605 599 594
120 618 639 614 638 628 626 617 627 637 625
121 690 698 689 718 693 695 688 705 708 704
122 698 682 713 732 692 699 707 717 710 724
123 698 682 732 709 692 710 717 703 696 722
124 632 618 581 604 624 599 605 616 609 592
125 889 916 939 909 903 927 913 898 915 923
126 889 916 909 888 903 915 898 887 902 899
127 916 909 888 940 915 899 902 928 924 914
128 909 888 940 912 899 914 924 910 900 926
129 916 909 940 939 915 924 928 927 923 938
130 909 888 912 881 899 900 910 895 883 896
131 940 909 912 933 924 910 926 935 920 922
132 939 889 909 911 913 898 923 925 901 908
133 909 889 888 868 898 887 899 891 878 877
134 888 909 868 881 899 891 877 883 895 875
135 909 868 881 882 891 875 895 894 876 880
136 868 881 882 854 875 880 876 861 866 867
137 909 889 868 882 898 878 891 894 884 876
138 868 881 854 832 875 866 861 851 855 843
139 868 881 832 858 875 855 851 864 869 845
140 909 940 939 948 924 938 923 929 945 944
141 909 940 948 933 924 945 929 920 935 942
142 948 909 933 932 929 920 942 941 919 931
143 933 948 932 959 942 941 931 947 955 946
144 939 909 948 932 923 929 944 934 919 941
145 933 948 959 982 942 955 947 961 966 971
146 933 948 982 963 942 966 961 950 957 973
147 948 932 959 983 941 946 955 967 960 972
148 933 948 963 940 942 957 950 935 945 952
149 868 888 881 858 877 883 875 864 871 869
150 882 868 854 831 876 861 867 856 850 842
151 882 868 831 857 876 850 856 870 863 844
152 948 932 983 962 941 960 967 956 949 974
153 1040 1016 989 1009 1028 1002 1014 1023 1015 998
154 1040 1016 1009 1039 1028 1015 1023 1038 1027 1024
155 1016 1009 1039 990 1015 1024 1027 1003 999 1013
156 1009 1039 990 1011 1024 1013 999 1010 1025 1001
157 1016 1009 990 989 1015 999 1003 1002 998 988
158 1009 1039 1011 1032 1024 1025 1010 1020 1034 1021
159 990 1009 1011 983 999 1010 1001 985 995 997
160 989 1040 1009 1012 1014 1023 998 1000 1026 1008
161 1009 1040 1039 1048 1023 1038 1024 1029 1045 1044
162 1039 1009 1048 1032 1024 1029 1044 1034 1020 1042
163 1009 1048 1032 1033 1029 1042 1020 1019 1043 1031
164 1048 1032 1033 1059 1042 1031 1043 1055 1046 1047
165 1009 1040 1048 1033 1023 1045 1029 1019 1035 1043
166 1048 1032 1059 1083 1042 1046 1055 1068 1061 1072
167 1048 1032 1083 1062 1042 1061 1068 1057 1049 1074
168 1009 990 989 948 999 988 998 979 970 969
169 1048 1039 1032 1062 1044 1034 1042 1057 1051 1049
170 1033 1048 1059 1082 1043 1055 1047 1060 1067 1071
171 1033 1048 1082 1063 1043 1067 1060 1050 1056 1073
172 982 1004 1033 1009 992 1018 1006 994 1005 1019
173 441 411 390 408 425 401 414 424 410 399
174 441 411 408 432 425 410 424 434 420 419
175 411 408 432 381 410 419 420 396 394 406
176 408 432 381 402 419 406 394 403 416 392
177 411 408 381 390 410 394 396 401 399 384
178 408 432 402 433 419 416 403 418 431 417
179 381 408 402 379 394 403 392 376 393 391
180 390 441 408 421 414 424 399 405 429 413
181 408 441 432 447 424 434 419 427 443 438
182 432 408 447 433 419 427 438 431 418 439
183 408 447 433 442 427 439 418 423 444 435
184 447 433 442 463 439 435 444 455 450 453
185 408 441 447 442 424 443 427 423 440 444
186 447 433 463 482 439 450 455 465 459 473
187 447 433 482 457 439 459 465 451 446 470
188 408 381 390 367 394 384 399 387 371 377
189 408 381 367 379 394 371 387 393 376 372
190 367 408 379 389 387 393 372 378 398 383
191 379 367 389 359 372 378 383 368 363 373
192 390 408 367 389 399 387 377 388 398 378
193 379 367 359 330 372 363 368 354 347 344
194 379 367 330 350 372 347 354 364 357 341
195 367 389 359 342 378 373 363 352 362 349
196 379 367 350 381 372 357 364 376 371 365
197 447 432 433 457 438 431 439 451 445 446
198 442 447 463 489 444 455 453 467 469 475
199 442 447 489 472 444 469 467 458 461 478
200 367 389 342 370 378 362 352 366 380 356
201 482 504 533 508 491 517 506 493 505 519
202 482 504 508 483 491 505 493 481 492 494
203 504 508 483 532 505 494 492 516 520 507
204 508 483 532 512 494 507 520 510 497 521
205 504 508 532 533 505 520 516 517 519 531
206 508 483 512 490 494 497 510 499 485 501
207 532 508 512 539 520 510 521 534 524 525
208 533 482 508 513 506 493 519 522 496 509
209 508 482 483 447 493 481 494 477 465 464
210 508 532 533 550 520 531 519 527 541 542
211 508 532 550 539 520 541 527 524 534 543
212 550 508 539 540 527 524 543 544 523 538
213 539 550 540 570 543 544 538 554 559 555
214 533 508 550 540 519 527 542 535 523 544
215 539 550 570 590 543 559 554 564 569 578
216 539 550 590 562 543 569 564 551 557 576
217 550 540 570 589 544 555 559 568 565 577
218 539 550 562 532 543 557 551 534 541 548
219 550 540 589 563 544 565 568 556 552 575
220 962 939 990 948 951 964 976 956 944 970
221 1063 1089 1040 1048 1075 1065 1052 1056 1069 1045
222 832 812 781 809 822 796 806 820 810 795
223 832 812 809 839 822 810 820 834 826 824
224 812 809 839 788 810 824 826 800 799 815
225 809 839 788 816 824 815 799 813 828 802
226 812 809 788 781 810 799 800 796 795 783
227 809 839 816 838 824 828 813 823 837 827
228 788 809 816 789 799 813 802 787 798 803
229 781 832 809 804 806 820 795 792 818 805
230 809 832 839 868 820 834 824 841 851 853
231 809 788 781 768 799 783 795 790 777 775
232 809 788 768 789 799 777 790 798 787 778
233 768 809 789 782 790 798 778 776 794 784
234 789 768 782 757 778 776 784 772 764 770
235 781 809 768 782 795 790 775 780 794 776
236 789 768 757 739 778 764 772 759 753 746
237 789 768 739 763 778 753 759 774 765 748
238 768 782 757 731 776 770 764 751 756 744
239 789 768 763 788 778 765 774 787 777 773
240 768 782 731 754 776 756 751 761 767 742
241 292 322 340 309 307 331 315 297 317 323
242 292 322 309 291 307 317 297 290 306 298
243 322 309 291 342 317 298 306 332 324 316
244 309 291 342 312 298 316 324 310 301 326
245 322 309 342 340 317 324 332 331 323 337
246 309 291 312 277 298 301 310 294 282 295
247 342 309 312 330 324 310 326 334 319 321
248 340 292 309 311 315 297 323 325 302 308
249 309 292 291 266 297 290 298 289 280 279
250 291 309 266 277 298 289 279 282 294 270
251 309 266 277 278 289 270 294 293 271 275
252 266 277 278 247 270 275 271 255 258 259
253 309 292 266 278 297 280 289 293 284 271
254 266 277 247 227 270 258 255 246 251 236
255 266 277 227 261 270 251 246 263 267 244
256 309 342 340 367 324 337 323 338 352 351
257 266 291 277 261 279 282 270 263 273 267
258 278 266 247 226 271 255 259 250 245 235
259 278 266 226 260 271 245 250 268 262 243
260 631 604 582 618 615 593 606 623 609 598
261 227 214 173 206 221 193 202 216 208 191
262 227 214 206 242 221 208 216 232 229 225
263 214 206 242 195 208 225 229 203 200 219
264 206 242 195 230 225 219 200 217 234 211
265 214 206 195 173 208 200 203 193 191 180
266 206 242 230 241 225 234 217 223 240 233
267 195 206 230 196 200 217 211 192 199 212
268 173 227 206 197 202 216 191 182 210 198
269 206 227 242 266 216 232 225 237 246 254
270 206 195 173 164 200 180 191 185 178 168
271 206 195 164 196 200 178 185 199 192 179
272 164 206 196 174 185 199 179 169 188 181
273 196 164 174 160 179 169 181 177 158 166
274 173 206 164 174 191 185 168 172 188 169
275 196 164 160 148 179 158 177 171 154 151
276 196 164 148 184 179 154 171 187 175 162
277 164 174 160 118 169 166 158 141 147 138
278 196 164 184 195 179 175 187 192 178 186
279 164 174 118 135 169 147 141 150 156 127
280 329 300 278 309 313 288 304 318 303 293
281 590 614 638 618 601 625 610 602 617 627
282 563 533 581 550 549 561 573 556 542 566
283 174 213 226 206 194 220 201 188 205 215
284 490 518 539 508 503 528 514 499 511 524
285 389 412 442 408 400 426 415 398 409 423
286 838 811 789 809 825 801 814 823 808 798
287 277 300 330 309 287 314 305 294 303 319
288 782 811 831 809 797 821 807 794 808 819
289 662 689 639 659 675 665 651 658 673 648
290 731 709 683 698 721 697 711 716 703 691
291 881 904 933 909 892 918 907 895 905 920
292 1032 1004 983 1009 1017 993 1007 1020 1005 995
293 433 412 379 408 422 395 407 418 409 393
294 241 213 196 206 228 204 218 223 205 199
295 739 712 690 698 725 702 714 719 706 693
296 789 816 838 809 803 827 814 798 813 823
297 330 312 277 309 321 295 305 319 310 294
298 196 230 241 206 212 233 218 199 217 223
299 882 911 932 909 897 921 906 894 908 919
300 582 607 631 618 595 619 606 598 612 623
301 1066 1090 1039 1048 1078 1064 1053 1058 1070 1044
302 489 513 540 508 500 526 515 498 509 523
303 379 402 433 408 391 417 407 393 403 418
304 278 311 329 309 296 320 304 293 308 318
305 654 682 632 659 667 656 643 655 669 644
306 442 421 389 408 430 404 415 423 413 398
307 983 1011 1032 1009 997 1021 1007 995 1010 1020
308 1033 1012 982 1009 1022 996 1006 1019 1008 994
309 638 607 590 618 621 597 610 627 612 602
310 831 804 782 809 817 793 807 819 805 794
311 968 940 989 948 954 965 977 958 945 969
312 226 197 174 206 209 183 201 215 198 188
313 558 532 582 550 545 560 572 553 541 567
314 862 889 838 868 874 859 848 865 878 852
315 932 904 882 909 917 893 906 919 905 894
316 1066 1040 1089 1048 1054 1065 1077 1058 1045 1069
317 462 441 490 447 452 466 476 454 443 468
318 358 381 329 367 369 353 343 360 371 346
319 540 518 489 508 529 502 515 523 511 498
320 758 788 740 768 771 760 747 762 777 752
321 276 292 241 266 283 264 256 269 280 252
322 763 740 788 768 749 760 773 765 752 777
323 159 195 149 164 176 170 152 157 178 153
324 350 329 381 367 339 353 365 357 346 371
325 472 490 441 447 479 466 456 461 468 443
326 857 838 889 868 846 859 872 863 852 878
327 558 581 533 550 571 561 546 553 566 542
328 968 990 939 948 978 964 953 958 970 944
329 690 718 739 698 705 727 714 693 708 719
330 666 639 689 659 653 665 677 663 648 673
331 159 119 173 164 140 146 165 157 139 168
332 260 241 292 266 248 264 274 262 252 280
333 276 242 291 266 257 265 281 269 254 279
334 662 632 682 659 647 656 671 658 644 669
335 457 432 483 447 445 460 471 451 438 464
336 862 839 888 868 849 860 873 865 853 877
337 539 512 490 508 525 501 514 524 510 499
338 562 582 532 550 574 560 548 557 567 541
339 933 912 881 909 922 896 907 920 910 895
340 1062 1039 1090 1048 1051 1064 1076 1057 1044 1070
341 963 989 940 948 975 965 952 957 969 945
342 358 340 390 367 348 361 374 360 351 377
343 858 888 839 868 871 860 847 864 877 853
344 184 149 195 164 163 170 186 175 153 178
345 462 483 432 447 474 460 449 454 464 438
346 758 732 781 768 745 755 769 762 750 775
347 754 781 732 768 766 755 743 761 775 750
348 261 291 242 266 273 265 249 263 279 254
349 370 390 340 367 382 361 355 366 377 351
350 135 173 119 164 155 146 128 150 168 139
351 683 712 731 698 700 723 711 691 706 716
352 1040 1048 1033 1063 1045 1043 1035 1052 1056 1050
353 292 266 278 260 280 271 284 274 262 268
354 698 683 682 709 691 681 692 703 697 696
355 889 868 882 857 878 876 884 872 863 870
356 441 447 442 472 443 444 440 456 461 458
357 631 618 632 604 623 624 630 615 609 616
358 768 781 782 754 775 780 776 761 766 767
359 367 390 389 370 377 388 378 366 382 380
360 550 533 540 563 542 535 544 556 549 552
361 948 939 932 962 944 934 941 956 951 949
362 164 173 174 135 168 172 169 150 155 156
363 990 1009 983 948 999 995 985 970 979 967
364 342 309 330 367 324 319 334 352 338 347
365 508 483 490 447 494 485 499 477 464 468
366 206 242 241 266 225 240 223 237 254 252
367 809 839 838 868 824 837 823 841 853 852
368 1090 1116 1141 1112 1103 1128 1115 1100 1113 1125
369 1090 1116 1112 1089 1103 1113 1100 1088 1102 1101
370 1116 1112 1089 1140 1113 1101 1102 1127 1126 1114
371 1112 1089 1140 1111 1101 1114 1126 1109 1098 1123
372 1116 1112 1140 1141 1113 1126 1127 1128 1125 1139
373 1112 1089 1111 1082 1101 1098 1109 1097 1084 1094
374 1140 1112 1111 1134 1126 1109 1123 1136 1122 1119
375 1112 1090 1089 1048 1100 1088 1101 1079 1070 1069
376 1112 1140 1141 1148 1126 1139 1125 1129 1144 1145
377 1112 1140 1148 1134 1126 1144 1129 1122 1136 1142
378 1148 1112 1134 1135 1129 1122 1142 1143 1121 1133
379 1134 1148 1135 1160 1142 1143 1133 1146 1155 1147
380 1134 1148 1160 1203 1142 1155 1146 1169 1177 1181
381 1148 1135 1160 1204 1143 1147 1155 1176 1170 1182
382 1141 1112 1148 1135 1125 1129 1145 1137 1121 1143
383 1140 1148 1134 1163 1144 1142 1136 1151 1157 1149
384 1148 1134 1163 1203 1142 1149 1157 1177 1169 1183
385 1148 1141 1135 1162 1145 1137 1143 1156 1152 1150
386 1135 1148 1162 1204 1143 1156 1150 1170 1176 1184
387 1141 1090 1112 1110 1115 1100 1125 1124 1099 1108
388 1083 1110 1135 1112 1095 1120 1107 1096 1108 1121
389 1082 1104 1134 1112 1092 1117 1106 1097 1105 1122
390 119 116 45 101 115 87 88 110 109 72
391 119 116 101 149 115 109 110 132 133 126
392 116 101 149 99 109 126 133 108 97 123
393 101 149 99 145 126 123 97 124 144 122
394 116 101 99 45 109 97 108 87 72 68
395 101 149 145 148 126 144 124 125 142 143
396 99 101 145 98 97 124 122 93 96 120
397 101 119 149 164 110 132 126 134 139 153
398 101 99 45 50 97 68 72 78 74 41
399 101 99 50 98 97 74 78 96 93 77
400 50 101 98 44 78 96 77 43 69 67
401 98 50 44 71 77 43 67 83 59 53
402 98 50 71 65 77 59 83 75 47 62
403 50 44 71 9 43 53 59 18 16 30
404 45 101 50 44 72 78 41 38 69 43
405 99 50 98 114 74 77 93 104 82 103
406 50 98 114 65 77 103 82 47 75 89
407 50 45 44 13 41 38 43 20 25 23
408 44 50 13 9 43 20 23 16 18 7
409 45 119 101 73 88 110 72 58 95 79
410 148 117 98 101 131 106 121 125 102 96
411 118 73 44 101 94 57 86 107 79 69
412 1140 1148 1163 1216 1144 1157 1151 1174 1178 1188
413 99 50 114 64 74 82 104 76 42 90
414 1164 1141 1140 1168 1154 1139 1153 1166 1159 1158
415 1164 1141 1168 1215 1154 1159 1166 1189 1175 1194
416 1140 1164 1168 1216 1153 1166 1158 1174 1190 1193
417 70 45 99 31 54 68 84 46 33 63
418 70 45 31 8 54 33 46 29 17 14
419 99 70 31 64 84 46 63 76 61 40
420 367 359 330 342 363 344 347 352 349 334
421 768 757 739 731 764 746 753 751 744 734
422 608 618 589 581 613 603 596 594 599 584
423 164 160 148 118 158 151 154 141 138 130
424 948 959 982 983 955 971 966 967 972 981
425 550 570 590 589 559 578 569 568 577 588
426 1112 1089 1082 1048 1101 1084 1097 1079 1069 1067
427 101 149 148 164 126 142 125 134 153 154
428 98 145 148 101 120 143 121 96 124 125
429 44 117 118 101 85 113 86 69 102 107
430 1135 1104 1083 1112 1118 1093 1107 1121 1105 1096
431 1134 1111 1082 1112 1119 1094 1106 1122 1109 1097
432 1168 1164 1215 1216 1166 1189 1194 1193 1190 1214
433 1215 1168 1216 1192 1194 1193 1214 1197 1179 1198
434 1215 1168 1192 1162 1194 1179 1197 1187 1165 1172
435 1168 1216 1192 1148 1193 1198 1179 1161 1178 1167
436 1192 1168 1148 1162 1179 1161 1167 1172 1165 1156
437 31 70 8 64 46 29 14 40 61 28
438 8 31 64 24 14 40 28 11 26 36
439 8 31 24 13 14 26 11 6 15 10
440 31 64 24 50 40 36 26 35 42 32
441 24 31 50 13 26 35 32 10 15 20
442 266 247 226 227 255 235 245 246 236 224
443 713 698 732 740 707 717 724 726 720 735
444 1048 1059 1082 1083 1055 1071 1067 1068 1072 1081
445 868 854 831 832 861 842 850 851 843 830
446 447 463 489 482 455 475 469 465 473 484
447 690 683 698 712 685 691 693 702 700 706
448 1040 1039 1048 1066 1038 1044 1045 1054 1053 1058
449 292 291 266 276 290 279 280 283 281 269
450 889 888 868 862 887 877 878 874 873 865
451 441 432 447 462 434 438 443 452 449 454
452 631 638 618 607 633 627 623 619 621 612
453 381 390 367 358 384 377 371 369 374 360
454 788 781 768 758 783 775 777 771 769 762
455 195 173 164 159 180 168 178 176 165 157
456 532 533 550 558 531 542 541 545 546 553
457 940 939 948 968 938 944 945 954 953 958
458 811 838 831 809 825 833 821 808 823 819
459 412 433 442 408 422 435 426 409 418 423
460 712 739 731 698 725 734 723 706 719 716
461 1104 1082 1083 1112 1092 1081 1093 1105 1097 1096
462 197 173 174 206 182 172 183 198 191 188
463 513 533 540 508 522 535 526 509 519 523
464 518 490 489 508 503 488 502 511 499 498
465 904 932 933 909 917 931 918 905 919 920
466 804 831 832 809 817 830 818 805 819 820
467 311 340 329 309 325 333 320 308 323 318
468 804 781 782 809 792 780 793 805 795 794
469 311 278 292 309 296 284 302 308 293 297
470 1012 1033 1040 1009 1022 1035 1026 1008 1019 1023
471 911 882 889 909 897 884 901 908 894 898
472 73 118 119 101 94 112 95 79 107 110
473 1110 1083 1090 1112 1095 1085 1099 1108 1096 1100
474 412 389 379 408 400 383 395 409 398 393
475 718 740 739 698 728 738 727 708 720 719
476 1012 989 982 1009 1000 984 996 1008 998 994
477 513 489 482 508 500 484 496 509 498 493
478 300 277 278 309 287 275 288 303 294 293
479 614 590 589 618 601 588 600 617 602 603
480 904 881 882 909 892 880 893 905 895 894
481 604 581 582 618 592 580 593 609 599 598
482 117 148 118 101 131 130 113 102 125 107
483 518 540 539 508 529 538 528 511 523 524
484 811 782 789 809 797 784 801 808 794 798
485 197 226 227 206 209 224 210 198 215 216
486 421 390 389 408 405 388 404 413 399 398
487 421 442 441 408 430 440 429 413 423 424
488 213 241 226 206 228 231 220 205 223 215
489 709 731 732 698 721 730 722 703 716 717
490 1004 1032 1033 1009 1017 1031 1018 1005 1020 1019
491 911 939 932 909 925 934 921 908 923 919
492 300 329 330 309 313 328 314 303 318 319
493 607 582 590 618 595 585 597 612 598 602
494 1004 982 983 1009 992 981 993 1005 994 995
495 213 174 196 206 194 181 204 205 188 199
496 838 857 831 868 846 844 833 852 863 850
497 832 858 839 868 845 847 834 851 864 853
498 490 472 489 447 479 478 488 468 461 469
499 1090 1066 1089 1048 1078 1077 1088 1070 1058 1069
500 340 358 329 367 348 343 333 351 360 346
501 118 135 119 164 127 128 112 141 150 139
502 342 370 340 367 356 355 337 352 366 351
503 1083 1062 1090 1048 1074 1076 1085 1068 1057 1070
504 149 184 148 164 163 162 142 153 175 154
505 631 654 632 659 642 643 630 645 655 644
506 483 462 490 447 474 476 485 464 454 468
507 983 962 990 948 974 976 985 967 956 970
508 740 763 739 768 749 748 738 752 765 753
509 732 758 740 768 745 747 735 750 762 752
510 989 963 982 948 975 973 984 969 957 966
511 990 968 989 948 978 977 988 970 958 969
512 1089 1063 1082 1048 1075 1073 1084 1069 1056 1067
513 227 261 242 266 244 249 232 246 263 254
514 589 563 581 550 575 573 584 568 556 566
515 482 457 483 447 470 471 481 465 451 464
516 689 662 682 659 675 671 684 673 658 669
517 581 558 582 550 571 572 580 566 553 567
518 632 662 639 659 647 651 634 644 658 648
519 682 654 683 659 667 668 681 669 655 670
520 242 276 241 266 257 256 240 254 269 252
521 119 159 149 164 140 152 132 139 157 153
522 241 260 226 266 248 243 231 252 262 245
523 731 754 732 768 742 743 730 751 761 750
524 839 862 838 868 849 848 837 853 865 852
525 582 562 590 550 574 576 585 567 557 569
526 329 350 330 367 339 341 328 346 357 347
527 99 45 50 31 68 41 74 63 33 35
528 50 99 31 64 74 63 35 42 76 40
529 45 50 31 13 41 35 33 25 20 15
530 1140 1141 1148 1168 1139 1145 1144 1158 1159 1161
531 1148 1140 1168 1216 1144 1158 1161 1178 1174 1193
532 1141 1148 1168 1162 1145 1161 1159 1152 1156 1165
533 31 45 13 8 33 25 15 14 17 6
534 1168 1141 1162 1215 1159 1152 1165 1194 1175 1187
535 1135 1110 1141 1112 1120 1124 1137 1121 1108 1125
536 98 117 44 101 106 85 67 96 102 69
537 44 73 45 101 57 58 38 69 79 72
538 1134 1104 1135 1112 1117 1118 1133 1122 1105 1121
539 1216 1215 1192 1203 1214 1197 1198 1209 1205 1196
540 1192 1216 1203 1163 1198 1209 1196 1173 1188 1183
541 64 8 24 65 28 11 36 60 19 39
542 24 64 65 114 36 60 39 66 90 89
543 809 832 868 831 820 851 841 819 830 850
544 206 227 266 226 216 246 237 215 224 245
545 508 482 447 489 493 465 477 498 484 469
546 148 164 118 101 154 141 130 125 134 107
547 739 768 731 698 753 751 734 719 733 716
548 590 550 589 618 569 568 588 602 583 603
549 618 589 581 550 603 584 599 583 568 566
550 982 948 983 1009 966 967 981 994 979 995
551 1082 1048 1083 1112 1067 1068 1081 1097 1079 1096
552 698 732 740 768 717 735 720 733 750 752
553 989 982 1009 948 984 994 998 969 966 979
554 340 329 309 367 333 318 323 351 346 338
555 1083 1090 1112 1048 1085 1100 1096 1068 1070 1079
556 118 119 101 164 112 110 107 141 139 134
557 330 329 367 309 328 346 347 319 318 338
558 739 740 768 698 738 752 753 719 720 733
559 590 582 550 618 585 567 569 602 598 583
560 1216 1192 1148 1163 1198 1167 1178 1188 1173 1157
561 1192 1148 1163 1203 1167 1157 1173 1196 1177 1183
562 1192 1148 1203 1160 1167 1177 1196 1171 1155 1181
563 1192 1148 1160 1204 1167 1155 1171 1195 1176 1182
564 1192 1148 1204 1162 1167 1176 1195 1172 1156 1184
565 1160 1192 1204 1203 1171 1195 1182 1181 1196 1202
566 1192 1204 1203 1215 1195 1202 1196 1197 1208 1205
567 1192 1204 1215 1162 1195 1208 1197 1172 1184 1187
568 64 24 50 114 36 32 42 90 66 82
569 24 50 114 65 32 82 66 39 47 89
570 24 50 65 71 32 47 39 37 59 62
571 24 50 71 9 32 59 37 12 18 30
572 24 50 9 13 32 18 12 10 20 7
573 71 24 9 65 37 12 30 62 39 27
574 24 9 65 8 12 27 39 11 5 19
575 24 9 8 13 12 5 11 10 7 6
576 831 838 868 809 833 852 850 819 823 841
577 226 241 266 206 231 252 245 215 223 237
578 489 490 447 508 488 468 469 498 499 477
579 731 732 698 768 730 717 716 751 750 733
580 581 582 618 550 580 598 599 566 567 583
EndElements

Dirichlet
1            0
2            0
3            0
5            0
8            0
9            0
19            0
21            0
22            0
27            0
28            0
48            0
49            0
51            0
52            0
60            0
64            0
65            0
80            0
81            0
100            0
EndDirichlet

Neumann
1199            0
1200            0
1201            0
1202            0
1203            0
1204            0
1205            0
1206            0
1207            0
1208            0
1209            0
1210            0
1211            0
1212            0
1213            0
1214            0
1215            0
1216            0
1217            0
1218            0
1219            0
EndNeumann
