216 0
27 6 9 9

Coordinates
1           10           10            5
2           10          7.5            5
3          7.5           10            5
4           10           10          2.5
5           10          7.5          2.5
6          7.5          7.5            5
7          7.5           10          2.5
8          7.5          7.5          2.5
9           10           10            0
10           10            5            5
11            5           10            5
12            5          7.5            5
13           10          7.5            0
14            5           10          2.5
15          7.5            5            5
16           10            5          2.5
17          7.5           10            0
18          7.5            5          2.5
19            5          7.5          2.5
20          7.5          7.5            0
21            5           10            0
22            5            5            5
23           10            5            0
24            5          7.5            0
25            5            5          2.5
26          7.5            5            0
27            5            5            0
EndCoordinates

Elements
1 23 10 9 22 16 5 13 18 15 8
2 9 11 21 27 7 14 17 20 19 24
3 27 22 23 9 25 18 26 20 8 13
4 1 22 11 9 6 12 3 4 8 7
5 11 22 27 9 12 25 19 7 8 20
6 9 10 1 22 5 2 4 8 15 6
EndElements

Dirichlet
1            0
2            0
4            0
5            0
9            0
10            0
13            0
16            0
23            0
EndDirichlet

Neumann
11            0
12            0
14            0
19            0
21            0
22            0
24            0
25            0
27            0
EndNeumann
