164 0
118 47 9 9

Coordinates
1 -25.513 -0.73803 0
2 -25.513 0.26142 0.99945
3 -25.513 0.26142 -0.99945
4 -24.055 -0.2383 0.49972
5 -24.055 -0.2383 -0.49972
6 -25.513 1.2609 0
7 -24.055 0.76115 1.4992
8 -24.055 0.76115 -1.4992
9 -25.513 1.2609 1.9989
10 -25.513 1.2609 -1.9989
11 -22.598 -0.73803 0
12 -24.055 1.7606 0.49972
13 -24.055 1.7606 -0.49972
14 -22.598 0.26142 0
15 -25.513 2.2603 -0.99945
16 -25.513 2.2603 0.99945
17 -22.598 0.26142 0.99945
18 -22.598 0.26142 -0.99945
19 -24.055 1.7606 -1.4992
20 -24.055 1.7606 1.4992
21 -22.598 1.2609 0
22 -22.598 1.2609 -0.99945
23 -22.598 1.2609 0.99945
24 -24.055 2.76 -0.49972
25 -24.055 2.76 0.49972
26 -25.513 3.2598 0
27 -22.598 1.2609 1.9989
28 -22.598 1.2609 -1.9989
29 -22.598 2.2603 0
30 -22.598 2.2603 -0.99945
31 -22.598 2.2603 0.99945
32 -21.14 -0.2383 0.49972
33 -21.14 -0.2383 -0.49972
34 -21.14 0.76115 0.49972
35 -21.14 0.76115 1.4992
36 -21.14 0.76115 -1.4992
37 -22.598 3.2598 0
38 -21.14 1.7606 0.49972
39 -21.14 1.7606 -1.4992
40 -21.14 1.7606 1.4992
41 -21.14 2.76 -0.49972
42 -21.14 2.76 0.49972
43 -19.682 -0.73803 0
44 -19.682 0.26142 0.99945
45 -19.682 0.26142 -0.99945
46 -19.682 1.2609 0
47 -19.682 1.2609 1.9989
48 -19.682 1.2609 -1.9989
49 -19.682 2.2603 -0.99945
50 -19.682 2.2603 0.99945
51 -19.682 3.2598 0
52 -17.942 1.694 0.99945
53 -17.942 1.694 -0.99945
54 -17.942 2.6934 0
55 -16.346 -0.73803 0
56 -16.346 0.26142 0.99945
57 -16.346 0.26142 -0.99945
58 -16.346 1.2609 0
59 -16.346 1.2609 1.9989
60 -16.346 1.2609 -1.9989
61 -16.346 2.2603 -0.99945
62 -16.346 2.2603 0.99945
63 -16.202 2.1271 0
64 -16.346 3.2598 0
65 -14.606 1.694 -0.99945
66 -14.606 1.694 0.99945
67 -14.606 2.6934 0
68 -13.01 -0.73803 0
69 -13.01 0.26142 0.99945
70 -13.01 0.26142 -0.99945
71 -13.01 1.2609 0
72 -13.01 1.2609 1.9989
73 -13.01 1.2609 -1.9989
74 -13.01 2.2603 -0.99945
75 -13.01 2.2603 0.99945
76 -13.01 3.2598 0
77 -11.632 -0.2383 0.49972
78 -11.632 -0.2383 -0.49972
79 -11.632 0.76115 0.49972
80 -11.632 0.76115 1.4992
81 -11.632 0.76115 -1.4992
82 -11.632 1.7606 0.49972
83 -11.632 1.7606 -1.4992
84 -11.632 1.7606 1.4992
85 -11.632 2.76 -0.49972
86 -11.632 2.76 0.49972
87 -10.255 -0.73803 0
88 -10.255 0.26142 -2.2204e-16
89 -10.255 0.26142 0.99945
90 -10.255 0.26142 -0.99945
91 -10.255 1.2609 0
92 -10.255 1.2609 -0.99945
93 -10.255 1.2609 0.99945
94 -10.255 1.2609 1.9989
95 -10.255 1.2609 -1.9989
96 -10.255 2.2603 2.2204e-16
97 -10.255 2.2603 0.99945
98 -10.255 2.2603 -0.99945
99 -10.255 3.2598 0
100 -8.8775 -0.2383 0.49972
101 -8.8775 -0.2383 -0.49972
102 -8.8775 0.76115 1.4992
103 -8.8775 0.76115 -1.4992
104 -8.8775 1.7606 0.49972
105 -8.8775 1.7606 -0.49972
106 -8.8775 1.7606 -1.4992
107 -8.8775 1.7606 1.4992
108 -8.8775 2.76 -0.49972
109 -8.8775 2.76 0.49972
110 -7.5 -0.73803 0
111 -7.5 0.26142 0.99945
112 -7.5 0.26142 -0.99945
113 -7.5 1.2609 0
114 -7.5 1.2609 1.9989
115 -7.5 1.2609 -1.9989
116 -7.5 2.2603 -0.99945
117 -7.5 2.2603 0.99945
118 -7.5 3.2598 0
EndCoordinates

Elements
1 114 110 89 118 111 100 102 117 113 104
2 110 115 90 118 112 103 101 113 116 105
3 115 118 98 90 116 108 106 103 105 92
4 98 115 90 73 106 103 92 83 95 81
5 90 98 73 72 92 83 81 79 82 71
6 118 114 97 89 117 107 109 104 102 93
7 114 97 89 72 107 93 102 94 84 80
8 97 89 72 90 93 80 84 91 88 79
9 97 89 90 118 93 88 91 109 104 105
10 89 68 72 90 77 69 80 88 78 79
11 89 68 90 110 77 78 88 100 87 101
12 90 89 110 118 88 100 101 105 104 113
13 90 73 68 72 81 70 78 79 71 69
14 98 76 73 72 85 74 83 82 75 71
15 97 72 76 98 84 75 86 96 82 85
16 76 97 98 118 86 96 85 99 109 108
17 97 98 118 90 96 108 109 91 92 105
18 97 98 90 72 96 92 91 84 82 79
19 1 9 17 26 2 7 4 6 16 12
20 10 1 18 26 3 5 8 15 6 13
21 26 10 30 18 15 19 24 13 8 22
22 10 30 18 48 19 22 8 28 39 36
23 30 18 48 47 22 36 39 38 34 46
24 9 26 31 17 16 25 20 7 12 23
25 31 9 17 47 20 7 23 40 27 35
26 17 31 47 30 23 40 35 21 29 38
27 17 31 30 26 23 29 21 12 25 24
28 31 30 26 51 29 24 25 42 41 37
29 31 30 51 47 29 41 42 40 38 50
30 17 47 43 18 35 44 32 14 34 33
31 43 17 18 1 32 14 33 11 4 5
32 17 18 1 26 14 5 4 12 13 6
33 18 43 48 47 33 45 36 34 44 46
34 30 48 51 47 39 49 41 38 46 50
35 17 47 18 30 35 34 14 21 38 22
36 18 17 30 26 14 21 22 13 12 24
37 73 68 72 48 70 69 71 60 57 58
38 76 73 72 63 74 71 75 67 65 66
39 76 73 63 51 74 65 67 64 61 54
40 72 76 63 47 75 67 66 59 62 52
41 43 48 47 72 45 46 44 56 58 59
42 48 51 47 63 49 50 46 53 54 52
43 73 72 63 48 71 66 65 60 58 53
44 48 51 63 73 49 54 53 60 61 65
45 51 47 63 76 50 52 54 64 62 67
46 47 48 63 72 46 53 52 59 58 66
47 48 43 68 72 45 55 57 58 56 69
EndElements

Dirichlet
110 0
111 0
112 0
113 0
114 0
115 0
116 0
117 0
118 0
EndDirichlet

Neumann
1 0
2 0
3 0
6 0
9 0
10 0
15 0
16 0
26 0
EndNeumann
